$ 1 0.000005 10.20027730826997 50 5 50 5e-11
r 208 112 208 64 0 5000
r 176 128 128 128 0 10000
t 176 128 208 128 0 1 -4.99999980188664 5.0999997994048614e-8 100 default
g 208 144 208 160 0 0
R 208 64 208 32 0 0 40 5 0 0 0.5
L 96 128 48 128 0 0 false 5 0
L 96 192 48 192 0 0 false 5 0
L 96 320 48 320 0 0 false 5 0
L 96 256 48 256 0 0 false 5 0
L 96 448 48 448 0 0 false 5 0
L 96 384 48 384 0 0 false 5 0
R 336 128 336 96 0 0 40 5 0 0 0.5
g 336 208 336 224 0 0
t 304 192 336 192 0 1 -4.999999871718021 5.099999869236242e-8 100 default
r 304 192 256 192 0 10000
r 336 176 336 128 0 5000
r 592 304 592 256 0 5000
r 560 320 512 320 0 10000
t 560 320 592 320 0 1 -4.999999860092434 5.099999857610655e-8 100 default
g 592 336 592 352 0 0
R 592 256 592 224 0 0 40 5 0 0 0.5
R 464 192 464 160 0 0 40 5 0 0 0.5
g 464 272 464 288 0 0
t 432 256 464 256 0 1 -4.999999834921913 5.099999832440134e-8 100 default
r 432 256 384 256 0 10000
r 464 240 464 192 0 5000
r 720 368 720 320 0 5000
r 688 384 640 384 0 10000
t 688 384 720 384 0 1 -4.999999798544817 5.0999997960630385e-8 100 default
g 720 400 720 416 0 0
R 720 320 720 288 0 0 40 5 0 0 0.5
R 848 384 848 352 0 0 40 5 0 0 0.5
g 848 464 848 480 0 0
t 816 448 848 448 0 1 -3.8921312285580942 3.9921312266154306e-8 100 default
r 816 448 768 448 0 10000
r 848 432 848 384 0 5000
w 96 192 256 192 0
w 96 256 384 256 0
w 96 320 512 320 0
w 96 384 640 384 0
w 96 448 768 448 0
w 96 128 128 128 0
w 128 128 128 4368 0
w 208 112 224 112 0
w 224 112 240 112 0
w 256 192 256 3456 0
w 336 176 352 176 0
w 352 176 352 640 0
w 384 256 384 3248 0
w 464 240 480 240 0
w 480 240 480 592 0
w 512 320 512 1136 0
w 592 304 608 304 0
w 608 304 608 1744 0
w 640 384 640 784 0
w 720 368 736 368 0
w 736 368 736 1792 0
w 768 448 768 736 0
w 848 432 864 432 0
w 864 432 848 2144 0
t 960 688 992 688 0 1 0.10048330091149715 0.12591107793467682 100 default
t 960 640 992 640 0 1 0.07242174516778555 0.10048340405830114 100 default
t 960 592 992 592 0 1 -1.1423977230862192e-7 0.07242172486537246 100 default
t 960 736 992 736 0 1 -4.874088675075021 -1.5525211601974214 100 default
t 960 784 992 784 0 1 -1.5525211935783483 -1.723739317429734e-8 100 default
w 992 608 992 624 0
w 992 656 992 672 0
w 992 704 992 720 0
w 992 768 992 752 0
g 992 848 992 864 0 0
r 992 800 992 848 0 5000
R 992 576 992 544 0 0 40 5 0 0 0.5
r 960 592 912 592 0 10000
r 960 640 912 640 0 10000
r 960 688 912 688 0 10000
r 960 736 912 736 0 10000
r 960 784 912 784 0 10000
r 960 1136 912 1136 0 10000
r 960 1088 912 1088 0 10000
r 960 1040 912 1040 0 10000
r 960 992 912 992 0 10000
r 960 944 912 944 0 10000
R 992 928 992 896 0 0 40 5 0 0 0.5
r 992 1152 992 1200 0 5000
g 992 1200 992 1216 0 0
w 992 1120 992 1104 0
w 992 1056 992 1072 0
w 992 1008 992 1024 0
w 992 960 992 976 0
t 960 1136 992 1136 0 1 -1.5525211935783474 -1.7237393174297328e-8 100 default
t 960 1088 992 1088 0 1 -4.874088675075019 -1.5525211601974205 100 default
t 960 944 992 944 0 1 -1.142397714204435e-7 0.07242172486537424 100 default
t 960 992 992 992 0 1 0.07242174516778732 0.10048340405830469 100 default
t 960 1040 992 1040 0 1 0.1004833009115016 0.12591107793468037 100 default
t 960 1392 992 1392 0 1 0.10048330091149715 0.12591107793467593 100 default
t 960 1344 992 1344 0 1 0.07242174516778555 0.10048340405830114 100 default
t 960 1296 992 1296 0 1 -1.1423977053226508e-7 0.07242172486537513 100 default
t 960 1440 992 1440 0 1 -4.874088675075021 -1.5525211601974203 100 default
t 960 1488 992 1488 0 1 -1.5525211935783472 -1.7237393174297345e-8 100 default
w 992 1312 992 1328 0
w 992 1360 992 1376 0
w 992 1408 992 1424 0
w 992 1472 992 1456 0
g 992 1552 992 1568 0 0
r 992 1504 992 1552 0 5000
R 992 1280 992 1248 0 0 40 5 0 0 0.5
r 960 1296 912 1296 0 10000
r 960 1344 912 1344 0 10000
r 960 1392 912 1392 0 10000
r 960 1440 912 1440 0 10000
r 960 1488 912 1488 0 10000
r 1344 688 1296 688 0 10000
r 1344 640 1296 640 0 10000
r 1344 592 1296 592 0 10000
r 1376 704 1376 752 0 5000
g 1376 752 1376 768 0 0
t 1344 688 1376 688 0 1 -4.999999915237396 8.262604929114072e-9 100 default
t 1344 640 1376 640 0 1 -4.999999915237396 8.262604929114058e-9 100 default
t 1344 592 1376 592 0 1 -4.999999915237396 8.262604929114085e-9 100 default
R 1376 576 1376 544 0 0 40 5 0 0 0.5
w 1376 576 1392 576 0
w 1392 576 1392 624 0
w 1392 624 1376 624 0
w 1392 624 1392 672 0
w 1392 672 1376 672 0
w 1376 704 1408 704 0
w 1408 704 1408 656 0
w 1408 656 1376 656 0
w 1408 656 1408 608 0
w 1408 608 1376 608 0
M 1408 608 1456 608 0 2.5
w 1040 592 1296 592 0
w 1296 640 1056 640 0
w 1296 688 1072 688 0
w 1072 688 1072 1504 0
w 1056 640 1056 1152 0
w 1056 1152 992 1152 0
w 1040 592 1040 800 0
w 1040 800 992 800 0
w 992 1504 1072 1504 0
w 912 592 480 592 0
w 912 640 352 640 0
w 912 688 240 688 0
w 240 112 240 688 0
w 912 736 768 736 0
w 912 784 640 784 0
w 912 944 480 944 0
w 480 944 480 592 0
w 912 992 352 992 0
w 352 992 352 640 0
w 912 1040 240 1040 0
w 240 1040 240 688 0
w 912 1088 768 1088 0
w 768 1088 768 736 0
w 912 1136 512 1136 0
w 480 944 480 1296 0
w 480 1296 912 1296 0
w 912 1344 352 1344 0
w 352 1344 352 992 0
w 912 1392 240 1392 0
w 240 1392 240 1040 0
w 640 784 640 1440 0
w 640 1440 912 1440 0
w 512 1136 512 1488 0
w 512 1488 912 1488 0
t 960 1744 992 1744 0 1 0.0805463435687006 0.10577353480050178 100 default
t 960 1696 992 1696 0 1 0.05339676534161342 0.08054633367652997 100 default
t 960 1648 992 1648 0 1 -7.735612417292259e-8 0.05339680970162508 100 default
t 960 1792 992 1792 0 1 0.10577343482921986 0.13082324030410675 100 default
t 960 1840 992 1840 0 1 -4.869176498208881 -6.867710328296946e-10 100 default
w 992 1664 992 1680 0
w 992 1712 992 1728 0
w 992 1760 992 1776 0
w 992 1824 992 1808 0
g 992 1904 992 1920 0 0
r 992 1856 992 1904 0 5000
R 992 1632 992 1600 0 0 40 5 0 0 0.5
r 960 1648 912 1648 0 10000
r 960 1696 912 1696 0 10000
r 960 1744 912 1744 0 10000
r 960 1792 912 1792 0 10000
r 960 1840 912 1840 0 10000
r 960 2192 912 2192 0 10000
r 960 2144 912 2144 0 10000
r 960 2096 912 2096 0 10000
r 960 2048 912 2048 0 10000
r 960 2000 912 2000 0 10000
R 992 1984 992 1952 0 0 40 5 0 0 0.5
r 992 2208 992 2256 0 5000
g 992 2256 992 2272 0 0
w 992 2176 992 2160 0
w 992 2112 992 2128 0
w 992 2064 992 2080 0
w 992 2016 992 2032 0
t 960 2192 992 2192 0 1 -3.783717547273629 -6.1140656788999465e-9 100 default
t 960 2144 992 2144 0 1 -0.9804846671716723 0.10841369251137412 100 default
t 960 2000 992 2000 0 1 -7.745313546081434e-8 0.07384919575793614 100 default
t 960 2048 992 2048 0 1 0.07384914150179522 0.10194886358130795 100 default
t 960 2096 992 2096 0 1 0.10194885348427807 0.1273839123998428 100 default
w 1104 2208 992 2208 0
w 1136 2912 992 2912 0
t 960 2800 992 2800 0 1 -4.876346887256323 -1.7583893571766411 100 default
t 960 2752 992 2752 0 1 0.09523353324156236 0.12365290784607552 100 default
t 960 2704 992 2704 0 1 -7.767873544395343e-8 0.09523361051112023 100 default
t 960 2848 992 2848 0 1 -1.7583893884803146 -0.5174051404527116 100 default
t 960 2896 992 2896 0 1 -0.5174051529242945 -2.2445627323834673e-8 100 default
w 992 2720 992 2736 0
w 992 2768 992 2784 0
w 992 2816 992 2832 0
w 992 2880 992 2864 0
g 992 2960 992 2976 0 0
R 992 2688 992 2656 0 0 40 5 0 0 0.5
r 960 2704 912 2704 0 10000
r 960 2752 912 2752 0 10000
r 960 2800 912 2800 0 10000
r 960 2848 912 2848 0 10000
r 960 2896 912 2896 0 10000
r 960 2544 912 2544 0 10000
r 960 2496 912 2496 0 10000
r 960 2448 912 2448 0 10000
r 960 2400 912 2400 0 10000
r 960 2352 912 2352 0 10000
R 992 2336 992 2304 0 0 40 5 0 0 0.5
g 992 2608 992 2624 0 0
w 992 2528 992 2512 0
w 992 2464 992 2480 0
w 992 2416 992 2432 0
w 992 2368 992 2384 0
t 960 2544 992 2544 0 1 -3.783717547067529 -6.114065679930455e-9 100 default
t 960 2496 992 2496 0 1 -0.9804846133348213 0.1084136927174768 100 default
t 960 2352 992 2352 0 1 -1.472845143624113e-7 0.07384918774237459 100 default
t 960 2400 992 2400 0 1 0.07384920331756817 0.10194890464717155 100 default
t 960 2448 992 2448 0 1 0.10194883300261104 0.12738390468911653 100 default
w 1120 2560 992 2560 0
r 960 3248 912 3248 0 10000
r 960 3200 912 3200 0 10000
r 960 3152 912 3152 0 10000
r 960 3104 912 3104 0 10000
r 960 3056 912 3056 0 10000
R 992 3040 992 3008 0 0 40 5 0 0 0.5
g 992 3312 992 3328 0 0
w 992 3232 992 3216 0
w 992 3168 992 3184 0
w 992 3120 992 3136 0
w 992 3072 992 3088 0
t 960 3248 992 3248 0 1 -0.5174051495225611 -2.2445627340843323e-8 100 default
t 960 3200 992 3200 0 1 -1.7583893782410969 -0.5174051370509783 100 default
t 960 3056 992 3056 0 1 -7.767873544395343e-8 0.09523362688648884 100 default
t 960 3104 992 3104 0 1 0.09523351658168266 0.1236529022291375 100 default
t 960 3152 992 3152 0 1 -4.876346859838013 -1.7583893469374237 100 default
w 1152 3264 992 3264 0
w 1168 3520 992 3520 0
t 960 3456 992 3456 0 1 -4.884647149246067 -1.1203209054410554 100 default
t 960 3408 992 3408 0 1 -1.4797958947099232e-7 0.11535265280583928 100 default
t 960 3504 992 3504 0 1 0.556072888892551 0.574001140967197 100 default
w 992 3424 992 3440 0
w 992 3488 992 3472 0
g 992 3568 992 3584 0 0
R 992 3392 992 3360 0 0 40 5 0 0 0.5
r 960 3408 912 3408 0 10000
r 960 3456 912 3456 0 10000
r 960 3504 912 3504 0 10000
r 960 3760 912 3760 0 10000
r 960 3712 912 3712 0 10000
r 960 3664 912 3664 0 10000
R 992 3648 992 3616 0 0 40 5 0 0 0.5
g 992 3824 992 3840 0 0
w 992 3744 992 3728 0
w 992 3680 992 3696 0
t 960 3760 992 3760 0 1 -3.783763140375543 -6.11383771339492e-9 100 default
t 960 3664 992 3664 0 1 -1.5132585229338247e-7 0.11548473609160137 100 default
t 960 3712 992 3712 0 1 -0.992383833840206 0.10836809952916582 100 default
w 1184 3776 992 3776 0
w 1200 4080 992 4080 0
t 960 3968 992 3968 0 1 0.09587265743351558 0.12429674379875078 100 default
t 960 3920 992 3920 0 1 -1.475201187872699e-7 0.09587270226908196 100 default
t 960 4016 992 4016 0 1 -4.8757030139232285 -1.5530574854374186 100 default
t 960 4064 992 4064 0 1 -1.5530575188291793 -1.726736559793276e-8 100 default
w 992 3936 992 3952 0
w 992 3984 992 4000 0
w 992 4048 992 4032 0
g 992 4128 992 4144 0 0
R 992 3904 992 3872 0 0 40 5 0 0 0.5
r 960 3920 912 3920 0 10000
r 960 3968 912 3968 0 10000
r 960 4016 912 4016 0 10000
r 960 4064 912 4064 0 10000
r 960 4368 912 4368 0 10000
r 960 4320 912 4320 0 10000
r 960 4272 912 4272 0 10000
r 960 4224 912 4224 0 10000
R 992 4208 992 4176 0 0 40 5 0 0 0.5
g 992 4432 992 4448 0 0
w 992 4352 992 4336 0
w 992 4288 992 4304 0
w 992 4240 992 4256 0
t 960 4368 992 4368 0 1 -1.553057522536499 -1.7267365579396154e-8 100 default
t 960 4320 992 4320 0 1 -4.87570302508226 -1.5530574891447382 100 default
t 960 4224 992 4224 0 1 -7.768873722113767e-8 0.09587273830248577 100 default
t 960 4272 992 4272 0 1 0.09587262363559379 0.12429673263977481 100 default
w 1216 4384 992 4384 0
w 1248 4992 992 4992 0
t 960 4880 992 4880 0 1 -0.9963926341885476 0.10285610841131376 100 default
t 960 4832 992 4832 0 1 -7.802746537777239e-8 0.11147600887432052 100 default
t 960 4928 992 4928 0 1 -3.7892751314763897 -1.1921179973700375 100 default
t 960 4976 992 4976 0 1 -1.1921180234708204 -1.907206303861063e-8 100 default
w 992 4848 992 4864 0
w 992 4896 992 4912 0
w 992 4960 992 4944 0
g 992 5040 992 5056 0 0
R 992 4816 992 4784 0 0 40 5 0 0 0.5
r 960 4832 912 4832 0 10000
r 960 4880 912 4880 0 10000
r 960 4928 912 4928 0 10000
r 960 4976 912 4976 0 10000
r 960 4672 912 4672 0 10000
r 960 4624 912 4624 0 10000
r 960 4576 912 4576 0 10000
r 960 4528 912 4528 0 10000
R 992 4512 992 4480 0 0 40 5 0 0 0.5
g 992 4736 992 4752 0 0
w 992 4656 992 4640 0
w 992 4592 992 4608 0
w 992 4544 992 4560 0
t 960 4672 992 4672 0 1 -1.5530575325676008 -1.726736552924066e-8 100 default
t 960 4624 992 4624 0 1 -4.875703055275878 -1.55305749917584 100 default
t 960 4528 992 4528 0 1 -7.768873722113767e-8 0.09587272027068217 100 default
t 960 4576 992 4576 0 1 0.09587264198085865 0.124296738823225 100 default
w 1232 4688 992 4688 0
w 1264 5344 992 5344 0
t 960 5232 992 5232 0 1 -0.6352907245416997 -0.17459028683643898 100 default
t 960 5184 992 5184 0 1 -1.8386347818337716 -0.635290712462189 100 default
t 960 5136 992 5136 0 1 -4.999999948806137 -1.8386347500997855 100 default
t 960 5280 992 5280 0 1 -0.17459029146177973 -0.02676117971541798 100 default
t 960 5328 992 5328 0 1 -0.026761181558182964 -2.5076522773503387e-8 100 default
w 992 5152 992 5168 0
w 992 5200 992 5216 0
w 992 5248 992 5264 0
w 992 5312 992 5296 0
g 992 5392 992 5408 0 0
R 992 5120 992 5088 0 0 40 5 0 0 0.5
r 960 5136 912 5136 0 10000
r 960 5184 912 5184 0 10000
r 960 5232 912 5232 0 10000
r 960 5280 912 5280 0 10000
r 960 5328 912 5328 0 10000
w 1408 880 1376 880 0
w 1408 928 1408 880 0
w 1408 928 1376 928 0
w 1408 976 1408 928 0
w 1376 976 1408 976 0
w 1392 944 1376 944 0
w 1392 896 1392 944 0
w 1392 896 1376 896 0
w 1392 848 1392 896 0
w 1376 848 1392 848 0
R 1376 848 1376 816 0 0 40 5 0 0 0.5
t 1344 864 1376 864 0 1 -4.999999898556157 -0.5530809660904106 100 default
t 1344 912 1376 912 0 1 -4.9999999039834515 -0.5530809715177054 100 default
t 1344 960 1376 960 0 1 -4.9999999039834515 -0.5530809715177054 100 default
r 1344 864 1296 864 0 10000
r 1344 912 1296 912 0 10000
r 1344 960 1296 960 0 10000
r 1344 1104 1296 1104 0 10000
r 1344 1056 1296 1056 0 10000
r 1344 1008 1296 1008 0 10000
t 1344 1104 1376 1104 0 1 -3.9085593516937482 0.5383595807719979 100 default
t 1344 1056 1376 1056 0 1 -4.999999920315014 -0.5530809878492675 100 default
t 1344 1008 1376 1008 0 1 -4.999999920315013 -0.5530809878492675 100 default
w 1376 992 1392 992 0
w 1392 992 1392 1040 0
w 1392 1040 1376 1040 0
w 1392 1040 1392 1088 0
w 1392 1088 1376 1088 0
w 1376 1120 1408 1120 0
w 1408 1120 1408 1072 0
w 1408 1072 1376 1072 0
w 1408 1072 1408 1024 0
w 1408 1024 1376 1024 0
w 1408 1168 1376 1168 0
w 1408 1216 1408 1168 0
w 1408 1216 1376 1216 0
w 1408 1264 1408 1216 0
w 1376 1264 1408 1264 0
w 1392 1232 1376 1232 0
w 1392 1184 1392 1232 0
w 1392 1184 1376 1184 0
w 1392 1136 1392 1184 0
w 1376 1136 1392 1136 0
t 1344 1152 1376 1152 0 1 -4.999999903983224 -0.5530809715174774 100 default
t 1344 1200 1376 1200 0 1 -4.999999915136752 -0.5530809826710056 100 default
t 1344 1248 1376 1248 0 1 -4.999999915136752 -0.5530809826710056 100 default
r 1344 1152 1296 1152 0 10000
r 1344 1200 1296 1200 0 10000
r 1344 1248 1296 1248 0 10000
r 1344 1392 1296 1392 0 10000
r 1344 1344 1296 1344 0 10000
r 1344 1296 1296 1296 0 10000
t 1344 1392 1376 1392 0 1 -4.99999992294591 -0.553080990480163 100 default
t 1344 1344 1376 1344 0 1 -4.99999991694145 -0.5530809844757031 100 default
t 1344 1296 1376 1296 0 1 -4.999999915136752 -0.5530809826710056 100 default
w 1376 1280 1392 1280 0
w 1392 1280 1392 1328 0
w 1392 1328 1376 1328 0
w 1392 1328 1392 1376 0
w 1392 1376 1376 1376 0
w 1376 1408 1408 1408 0
w 1408 1408 1408 1360 0
w 1408 1360 1376 1360 0
w 1408 1360 1408 1312 0
w 1408 1312 1376 1312 0
w 1392 1280 1392 1232 0
w 1392 1136 1392 1088 0
w 1392 992 1392 944 0
w 1408 976 1408 1024 0
w 1408 1120 1408 1168 0
w 1408 1264 1408 1312 0
g 1376 1456 1376 1472 0 0
r 1376 1408 1376 1456 0 5000
M 1408 880 1456 880 0 2.5
w 1296 864 1088 864 0
w 1088 864 1088 1856 0
w 1088 1856 992 1856 0
w 1296 912 1104 912 0
w 1296 960 1120 960 0
w 1296 1008 1136 1008 0
w 1296 1056 1152 1056 0
w 1296 1104 1168 1104 0
w 1296 1152 1184 1152 0
w 1296 1200 1200 1200 0
w 1296 1248 1216 1248 0
w 1296 1296 1232 1296 0
w 1296 1344 1248 1344 0
w 1296 1392 1264 1392 0
w 1104 912 1104 2208 0
w 1120 960 1120 2560 0
w 1136 1008 1136 2912 0
w 1152 1056 1152 3264 0
w 1168 1104 1168 3520 0
w 1184 1152 1184 3776 0
w 1200 1200 1200 4080 0
w 1216 1248 1216 4384 0
w 1232 1296 1232 4688 0
w 1248 1344 1248 4992 0
w 1264 1392 1264 5344 0
w 352 1344 352 1648 0
w 352 1648 912 1648 0
w 912 1696 480 1696 0
w 480 1696 480 1296 0
w 608 1744 912 1744 0
w 736 1792 912 1792 0
w 768 1088 768 1840 0
w 768 1840 912 1840 0
w 352 1648 352 2000 0
w 352 2000 912 2000 0
w 480 1696 480 2048 0
w 480 2048 912 2048 0
w 608 1744 608 2096 0
w 608 2096 912 2096 0
w 912 2144 848 2144 0
w 640 1440 640 2192 0
w 640 2192 912 2192 0
r 992 2560 992 2608 0 5000
r 992 2912 992 2960 0 5000
r 992 3264 992 3312 0 5000
r 992 3520 992 3568 0 5000
r 992 3776 992 3824 0 5000
r 992 4080 992 4128 0 5000
r 992 4384 992 4432 0 5000
r 992 4688 992 4736 0 5000
r 992 4992 992 5040 0 5000
r 992 5344 992 5392 0 5000
w 240 1392 240 2352 0
w 912 2352 240 2352 0
w 480 2048 480 2400 0
w 480 2400 912 2400 0
w 736 1792 736 2448 0
w 912 2448 736 2448 0
w 848 2144 848 2496 0
w 848 2496 912 2496 0
w 512 1488 512 2544 0
w 512 2544 912 2544 0
w 352 2000 352 2704 0
w 352 2704 912 2704 0
w 480 2400 480 2752 0
w 480 2752 912 2752 0
w 768 1840 768 2800 0
w 768 2800 912 2800 0
w 912 2848 640 2848 0
w 640 2848 640 2192 0
w 512 2544 512 2896 0
w 512 2896 912 2896 0
w 352 2704 352 3056 0
w 352 3056 912 3056 0
w 240 2352 240 3104 0
w 240 3104 912 3104 0
w 768 2800 768 3152 0
w 768 3152 912 3152 0
w 640 2848 640 3200 0
w 640 3200 912 3200 0
w 912 3248 384 3248 0
w 240 3104 240 3408 0
w 240 3408 912 3408 0
w 912 3456 256 3456 0
w 848 2496 848 3504 0
w 848 3504 912 3504 0
w 848 3504 848 3712 0
w 848 3712 912 3712 0
w 736 2448 736 3664 0
w 736 3664 912 3664 0
w 912 3760 256 3760 0
w 256 3760 256 3456 0
w 240 3408 240 3920 0
w 240 3920 912 3920 0
w 736 3664 736 3968 0
w 736 3968 912 3968 0
w 384 3248 384 4016 0
w 384 4016 912 4016 0
w 912 4064 256 4064 0
w 256 4064 256 3760 0
w 736 3968 736 4272 0
w 736 4272 912 4272 0
w 768 3152 768 4320 0
w 768 4320 912 4320 0
w 912 4368 128 4368 0
w 352 3056 352 4224 0
w 352 4224 912 4224 0
w 912 4672 128 4672 0
w 128 4672 128 4368 0
w 912 4976 128 4976 0
w 128 4976 128 4672 0
w 912 5328 128 5328 0
w 128 5328 128 4976 0
w 352 4224 352 4528 0
w 352 4528 912 4528 0
w 480 2752 480 4576 0
w 912 4576 480 4576 0
w 640 3200 640 4624 0
w 640 4624 912 4624 0
w 352 4528 352 4832 0
w 352 4832 912 4832 0
w 848 3712 848 4880 0
w 848 4880 912 4880 0
w 640 4624 640 4928 0
w 640 4928 912 4928 0
w 768 4320 768 5136 0
w 768 5136 912 5136 0
w 640 4928 640 5184 0
w 640 5184 912 5184 0
w 256 4064 256 5280 0
w 256 5280 912 5280 0
w 912 5232 384 5232 0
w 384 5232 384 4016 0
